trial_id,subject_id,material_key,label,original_label,group,source_session,material_rotation,fold,arm,model,role,p0,p1
DEAP:S01:T01,DEAP:S01,T01,1,7.71,2,1,1,4,exposed,stimulus_absolute_context,train,0.30817064023480156,0.6918293597651984
DEAP:S01:T03,DEAP:S01,T03,1,8.58,2,1,1,4,exposed,stimulus_absolute_context,train,0.3322344958675575,0.6677655041324425
DEAP:S01:T05,DEAP:S01,T05,1,6.96,2,1,1,4,exposed,stimulus_absolute_context,train,0.3852605654625152,0.6147394345374848
DEAP:S01:T06,DEAP:S01,T06,1,8.27,2,1,1,4,exposed,stimulus_absolute_context,train,0.26055389101622717,0.7394461089837728
DEAP:S01:T07,DEAP:S01,T07,1,7.44,2,1,1,4,exposed,stimulus_absolute_context,train,0.4139262353312918,0.5860737646687082
DEAP:S01:T09,DEAP:S01,T09,0,4.04,2,1,1,4,exposed,stimulus_absolute_context,train,0.2753857784099162,0.7246142215900838
DEAP:S01:T10,DEAP:S01,T10,0,1.99,2,1,1,4,exposed,stimulus_absolute_context,train,0.4996233484268827,0.5003766515731173
DEAP:S01:T12,DEAP:S01,T12,0,2.71,2,1,1,4,exposed,stimulus_absolute_context,train,0.27423366393483106,0.7257663360651689
DEAP:S01:T17,DEAP:S01,T17,0,2.46,2,1,1,4,exposed,stimulus_absolute_context,train,0.3818663822185495,0.6181336177814505
DEAP:S01:T24,DEAP:S01,T24,1,7.04,2,1,1,4,exposed,stimulus_absolute_context,train,0.7310909611749391,0.2689090388250609
DEAP:S01:T31,DEAP:S01,T31,0,3.03,2,1,1,4,exposed,stimulus_absolute_context,train,0.6448550801079275,0.35514491989207253
DEAP:S01:T34,DEAP:S01,T34,0,2.28,2,1,1,4,exposed,stimulus_absolute_context,train,0.7374743446914144,0.2625256553085856
DEAP:S01:T35,DEAP:S01,T35,0,2.06,2,1,1,4,exposed,stimulus_absolute_context,train,0.7448884730330804,0.25511152696691963
DEAP:S01:T36,DEAP:S01,T36,0,2.9,2,1,1,4,exposed,stimulus_absolute_context,train,0.6328203868156173,0.3671796131843827
DEAP:S01:T37,DEAP:S01,T37,0,2.31,2,1,1,4,exposed,stimulus_absolute_context,train,0.7385820505903054,0.2614179494096947
DEAP:S01:T40,DEAP:S01,T40,1,5.1,2,1,1,4,exposed,stimulus_absolute_context,train,0.5513811701872601,0.4486188298127399
DEAP:S02:T01,DEAP:S02,T01,1,9.0,2,1,1,4,exposed,stimulus_absolute_context,train,0.34184532364245257,0.6581546763575474
DEAP:S02:T05,DEAP:S02,T05,1,5.04,2,1,1,4,exposed,stimulus_absolute_context,train,0.4262247342990372,0.5737752657009628
DEAP:S02:T07,DEAP:S02,T07,0,4.96,2,1,1,4,exposed,stimulus_absolute_context,train,0.3972486798892042,0.6027513201107958
DEAP:S02:T09,DEAP:S02,T09,1,9.0,2,1,1,4,exposed,stimulus_absolute_context,train,0.33357292884508793,0.6664270711549121
DEAP:S02:T10,DEAP:S02,T10,0,4.99,2,1,1,4,exposed,stimulus_absolute_context,train,0.5139481454923461,0.48605185450765387
DEAP:S02:T12,DEAP:S02,T12,1,8.01,2,1,1,4,exposed,stimulus_absolute_context,train,0.3456305662943562,0.6543694337056438
DEAP:S02:T17,DEAP:S02,T17,1,9.0,2,1,1,4,exposed,stimulus_absolute_context,train,0.46060803187552424,0.5393919681244758
DEAP:S02:T24,DEAP:S02,T24,1,7.08,2,1,1,4,exposed,stimulus_absolute_context,train,0.7592240428398601,0.24077595716013991
DEAP:S02:T31,DEAP:S02,T31,0,4.06,2,1,1,4,exposed,stimulus_absolute_context,train,0.6869755249394007,0.3130244750605992
DEAP:S02:T34,DEAP:S02,T34,0,4.87,2,1,1,4,exposed,stimulus_absolute_context,train,0.7418291204678356,0.2581708795321644
DEAP:S02:T35,DEAP:S02,T35,0,1.99,2,1,1,4,exposed,stimulus_absolute_context,train,0.7922114323556316,0.20778856764436837
DEAP:S02:T36,DEAP:S02,T36,1,5.04,2,1,1,4,exposed,stimulus_absolute_context,train,0.6490107941672745,0.35098920583272547
DEAP:S02:T37,DEAP:S02,T37,0,1.0,2,1,1,4,exposed,stimulus_absolute_context,train,0.7577937037186693,0.24220629628133075
DEAP:S03:T01,DEAP:S03,T01,1,5.33,2,1,1,4,exposed,stimulus_absolute_context,train,0.2922223261146669,0.7077776738853331
DEAP:S03:T03,DEAP:S03,T03,1,7.55,2,1,1,4,exposed,stimulus_absolute_context,train,0.3345064084918683,0.6654935915081317
DEAP:S03:T05,DEAP:S03,T05,1,6.92,2,1,1,4,exposed,stimulus_absolute_context,train,0.40147704032414544,0.5985229596758546
DEAP:S03:T07,DEAP:S03,T07,1,5.45,2,1,1,4,exposed,stimulus_absolute_context,train,0.4106293847530479,0.5893706152469521
DEAP:S03:T09,DEAP:S03,T09,1,7.33,2,1,1,4,exposed,stimulus_absolute_context,train,0.3237585347831402,0.6762414652168598
DEAP:S03:T10,DEAP:S03,T10,0,4.45,2,1,1,4,exposed,stimulus_absolute_context,train,0.48343344546616196,0.516566554533838
DEAP:S03:T12,DEAP:S03,T12,1,6.36,2,1,1,4,exposed,stimulus_absolute_context,train,0.31971766370257515,0.6802823362974249
DEAP:S03:T17,DEAP:S03,T17,0,4.56,2,1,1,4,exposed,stimulus_absolute_context,train,0.37971913237294763,0.6202808676270524
DEAP:S03:T24,DEAP:S03,T24,0,3.31,2,1,1,4,exposed,stimulus_absolute_context,train,0.7112188778918851,0.28878112210811496
DEAP:S03:T31,DEAP:S03,T31,0,4.44,2,1,1,4,exposed,stimulus_absolute_context,train,0.6324972470380152,0.3675027529619847
DEAP:S03:T34,DEAP:S03,T34,0,4.72,2,1,1,4,exposed,stimulus_absolute_context,train,0.719971306262532,0.28002869373746797
DEAP:S03:T35,DEAP:S03,T35,0,3.18,2,1,1,4,exposed,stimulus_absolute_context,train,0.7604512960866888,0.2395487039133112
DEAP:S03:T36,DEAP:S03,T36,1,5.01,2,1,1,4,exposed,stimulus_absolute_context,train,0.6554965426780854,0.34450345732191456
DEAP:S03:T37,DEAP:S03,T37,0,4.92,2,1,1,4,exposed,stimulus_absolute_context,train,0.7131289652755601,0.28687103472443987
DEAP:S03:T40,DEAP:S03,T40,1,5.38,2,1,1,4,exposed,stimulus_absolute_context,train,0.5313141797923738,0.46868582020762617
DEAP:S04:T01,DEAP:S04,T01,1,6.68,2,1,1,4,exposed,stimulus_absolute_context,train,0.44400943512636004,0.55599056487364
DEAP:S04:T03,DEAP:S04,T03,1,8.95,2,1,1,4,exposed,stimulus_absolute_context,train,0.4963802324695372,0.5036197675304628
DEAP:S04:T05,DEAP:S04,T05,0,4.06,2,1,1,4,exposed,stimulus_absolute_context,train,0.5252378394958969,0.47476216050410314
DEAP:S04:T06,DEAP:S04,T06,1,5.01,2,1,1,4,exposed,stimulus_absolute_context,train,0.3698648292446519,0.6301351707553481
DEAP:S04:T07,DEAP:S04,T07,0,2.94,2,1,1,4,exposed,stimulus_absolute_context,train,0.49006830979504834,0.5099316902049517
DEAP:S04:T10,DEAP:S04,T10,0,3.15,2,1,1,4,exposed,stimulus_absolute_context,train,0.6394255748986484,0.3605744251013516
DEAP:S04:T12,DEAP:S04,T12,1,5.04,2,1,1,4,exposed,stimulus_absolute_context,train,0.477332505899414,0.522667494100586
DEAP:S04:T17,DEAP:S04,T17,1,7.01,2,1,1,4,exposed,stimulus_absolute_context,train,0.581059542033521,0.418940457966479
DEAP:S04:T24,DEAP:S04,T24,0,2.71,2,1,1,4,exposed,stimulus_absolute_context,train,0.7960161225060297,0.20398387749397026
DEAP:S04:T31,DEAP:S04,T31,0,2.01,2,1,1,4,exposed,stimulus_absolute_context,train,0.7268108642567085,0.2731891357432915
DEAP:S04:T34,DEAP:S04,T34,0,2.17,2,1,1,4,exposed,stimulus_absolute_context,train,0.828948458340131,0.17105154165986908
DEAP:S04:T35,DEAP:S04,T35,0,2.03,2,1,1,4,exposed,stimulus_absolute_context,train,0.8335886754816975,0.1664113245183025
DEAP:S04:T36,DEAP:S04,T36,0,2.72,2,1,1,4,exposed,stimulus_absolute_context,train,0.7080643111588449,0.2919356888411551
DEAP:S04:T37,DEAP:S04,T37,0,1.0,2,1,1,4,exposed,stimulus_absolute_context,train,0.8179926903649964,0.18200730963500358
DEAP:S04:T40,DEAP:S04,T40,0,1.86,2,1,1,4,exposed,stimulus_absolute_context,train,0.679680418462705,0.320319581537295
DEAP:S05:T01,DEAP:S05,T01,1,6.97,2,1,1,4,exposed,stimulus_absolute_context,train,0.264000711593979,0.735999288406021
DEAP:S05:T03,DEAP:S05,T03,0,4.95,2,1,1,4,exposed,stimulus_absolute_context,train,0.2800761584943603,0.7199238415056397
DEAP:S05:T05,DEAP:S05,T05,0,3.04,2,1,1,4,exposed,stimulus_absolute_context,train,0.3418130033721629,0.6581869966278371
DEAP:S05:T06,DEAP:S05,T06,1,8.09,2,1,1,4,exposed,stimulus_absolute_context,train,0.2296820509197306,0.7703179490802694
DEAP:S05:T07,DEAP:S05,T07,1,5.12,2,1,1,4,exposed,stimulus_absolute_context,train,0.36651418981126493,0.6334858101887351
DEAP:S05:T09,DEAP:S05,T09,1,6.94,2,1,1,4,exposed,stimulus_absolute_context,train,0.26887474301172487,0.7311252569882751
DEAP:S05:T10,DEAP:S05,T10,0,3.03,2,1,1,4,exposed,stimulus_absolute_context,train,0.4882238904482066,0.5117761095517934
DEAP:S05:T12,DEAP:S05,T12,1,7.08,2,1,1,4,exposed,stimulus_absolute_context,train,0.28017703080474,0.71982296919526
DEAP:S05:T17,DEAP:S05,T17,1,6.88,2,1,1,4,exposed,stimulus_absolute_context,train,0.3969468387372169,0.6030531612627831
DEAP:S05:T24,DEAP:S05,T24,0,4.0,2,1,1,4,exposed,stimulus_absolute_context,train,0.7020457491144872,0.29795425088551275
DEAP:S05:T31,DEAP:S05,T31,1,6.9,2,1,1,4,exposed,stimulus_absolute_context,train,0.6235760602930593,0.3764239397069407
DEAP:S05:T34,DEAP:S05,T34,1,6.03,2,1,1,4,exposed,stimulus_absolute_context,train,0.7331108543757223,0.26688914562427773
DEAP:S05:T35,DEAP:S05,T35,0,4.86,2,1,1,4,exposed,stimulus_absolute_context,train,0.7526154521161633,0.24738454788383665
DEAP:S05:T36,DEAP:S05,T36,0,4.91,2,1,1,4,exposed,stimulus_absolute_context,train,0.5882767069549796,0.4117232930450204
DEAP:S05:T37,DEAP:S05,T37,0,1.91,2,1,1,4,exposed,stimulus_absolute_context,train,0.7021501694129653,0.2978498305870348
DEAP:S05:T40,DEAP:S05,T40,1,7.0,2,1,1,4,exposed,stimulus_absolute_context,train,0.5490533905000958,0.4509466094999041
DEAP:S06:T01,DEAP:S06,T01,1,8.19,2,1,1,4,exposed,stimulus_absolute_context,train,0.25411542084082406,0.7458845791591759
DEAP:S06:T03,DEAP:S06,T03,1,7.69,2,1,1,4,exposed,stimulus_absolute_context,train,0.2761850741413022,0.7238149258586978
DEAP:S06:T05,DEAP:S06,T05,1,7.01,2,1,1,4,exposed,stimulus_absolute_context,train,0.30407459110843504,0.695925408891565
DEAP:S06:T06,DEAP:S06,T06,1,8.05,2,1,1,4,exposed,stimulus_absolute_context,train,0.20513020866266318,0.7948697913373368
DEAP:S06:T07,DEAP:S06,T07,1,8.26,2,1,1,4,exposed,stimulus_absolute_context,train,0.31135261457500696,0.688647385424993
DEAP:S06:T09,DEAP:S06,T09,1,7.87,2,1,1,4,exposed,stimulus_absolute_context,train,0.2355317163906453,0.7644682836093547
DEAP:S06:T10,DEAP:S06,T10,1,7.37,2,1,1,4,exposed,stimulus_absolute_context,train,0.4608148781420054,0.5391851218579946
DEAP:S06:T12,DEAP:S06,T12,1,7.17,2,1,1,4,exposed,stimulus_absolute_context,train,0.2641854953948024,0.7358145046051976
DEAP:S06:T17,DEAP:S06,T17,1,6.72,2,1,1,4,exposed,stimulus_absolute_context,train,0.3779808183426693,0.6220191816573307
DEAP:S06:T24,DEAP:S06,T24,0,3.5,2,1,1,4,exposed,stimulus_absolute_context,train,0.6445339804800592,0.3554660195199408
DEAP:S06:T34,DEAP:S06,T34,0,3.31,2,1,1,4,exposed,stimulus_absolute_context,train,0.6721075230930051,0.32789247690699486
DEAP:S06:T35,DEAP:S06,T35,0,3.96,2,1,1,4,exposed,stimulus_absolute_context,train,0.6875008897330415,0.31249911026695854
DEAP:S06:T36,DEAP:S06,T36,1,5.71,2,1,1,4,exposed,stimulus_absolute_context,train,0.5799029063614511,0.4200970936385489
DEAP:S06:T40,DEAP:S06,T40,0,4.85,2,1,1,4,exposed,stimulus_absolute_context,train,0.44887958694077423,0.5511204130592258
DEAP:S07:T01,DEAP:S07,T01,1,8.1,2,1,1,4,exposed,stimulus_absolute_context,train,0.22484999033917696,0.775150009660823
DEAP:S07:T03,DEAP:S07,T03,1,7.1,2,1,1,4,exposed,stimulus_absolute_context,train,0.22403079731442999,0.77596920268557
DEAP:S07:T05,DEAP:S07,T05,1,7.05,2,1,1,4,exposed,stimulus_absolute_context,train,0.2972400604059119,0.7027599395940881
DEAP:S07:T06,DEAP:S07,T06,1,6.97,2,1,1,4,exposed,stimulus_absolute_context,train,0.1853497521871621,0.8146502478128379
DEAP:S07:T07,DEAP:S07,T07,1,7.08,2,1,1,4,exposed,stimulus_absolute_context,train,0.3042049410629937,0.6957950589370063
DEAP:S07:T10,DEAP:S07,T10,1,7.09,2,1,1,4,exposed,stimulus_absolute_context,train,0.4071581609908491,0.5928418390091509
DEAP:S07:T12,DEAP:S07,T12,1,6.99,2,1,1,4,exposed,stimulus_absolute_context,train,0.23425285873802915,0.7657471412619709
DEAP:S07:T17,DEAP:S07,T17,1,7.12,2,1,1,4,exposed,stimulus_absolute_context,train,0.310835254683534,0.689164745316466
DEAP:S07:T24,DEAP:S07,T24,0,1.97,2,1,1,4,exposed,stimulus_absolute_context,train,0.6225206383374009,0.37747936166259904
DEAP:S07:T31,DEAP:S07,T31,1,6.96,2,1,1,4,exposed,stimulus_absolute_context,train,0.5713862231431803,0.4286137768568197
DEAP:S07:T34,DEAP:S07,T34,0,4.01,2,1,1,4,exposed,stimulus_absolute_context,train,0.6161503542340176,0.3838496457659823
DEAP:S07:T37,DEAP:S07,T37,1,5.05,2,1,1,4,exposed,stimulus_absolute_context,train,0.6575758610906107,0.3424241389093893
DEAP:S07:T40,DEAP:S07,T40,1,7.01,2,1,1,4,exposed,stimulus_absolute_context,train,0.44142261516387726,0.5585773848361227
DEAP:S08:T01,DEAP:S08,T01,1,7.6,2,1,1,4,exposed,stimulus_absolute_context,train,0.2797961726495213,0.7202038273504787
DEAP:S08:T03,DEAP:S08,T03,1,8.15,2,1,1,4,exposed,stimulus_absolute_context,train,0.2812334425611708,0.7187665574388292
DEAP:S08:T05,DEAP:S08,T05,0,4.41,2,1,1,4,exposed,stimulus_absolute_context,train,0.3531822100908911,0.6468177899091089
DEAP:S08:T06,DEAP:S08,T06,1,7.4,2,1,1,4,exposed,stimulus_absolute_context,train,0.23169353400269166,0.7683064659973083
DEAP:S08:T07,DEAP:S08,T07,1,5.04,2,1,1,4,exposed,stimulus_absolute_context,train,0.37581900440791904,0.624180995592081
DEAP:S08:T09,DEAP:S08,T09,1,8.78,2,1,1,4,exposed,stimulus_absolute_context,train,0.253824248573403,0.746175751426597
DEAP:S08:T10,DEAP:S08,T10,0,4.97,2,1,1,4,exposed,stimulus_absolute_context,train,0.44064408735638827,0.5593559126436117
DEAP:S08:T12,DEAP:S08,T12,1,8.47,2,1,1,4,exposed,stimulus_absolute_context,train,0.30520751471731644,0.6947924852826836
DEAP:S08:T17,DEAP:S08,T17,1,6.67,2,1,1,4,exposed,stimulus_absolute_context,train,0.3551790027703938,0.6448209972296062
DEAP:S08:T24,DEAP:S08,T24,0,4.15,2,1,1,4,exposed,stimulus_absolute_context,train,0.6798582548159364,0.3201417451840635
DEAP:S08:T31,DEAP:S08,T31,0,1.45,2,1,1,4,exposed,stimulus_absolute_context,train,0.5960765712193347,0.40392342878066534
DEAP:S08:T34,DEAP:S08,T34,1,5.05,2,1,1,4,exposed,stimulus_absolute_context,train,0.7143789846032174,0.28562101539678264
DEAP:S08:T35,DEAP:S08,T35,0,3.62,2,1,1,4,exposed,stimulus_absolute_context,train,0.6857340851225603,0.3142659148774397
DEAP:S08:T36,DEAP:S08,T36,0,1.21,2,1,1,4,exposed,stimulus_absolute_context,train,0.5541074378217836,0.4458925621782164
DEAP:S08:T37,DEAP:S08,T37,1,5.06,2,1,1,4,exposed,stimulus_absolute_context,train,0.7460307175559258,0.25396928244407424
DEAP:S08:T40,DEAP:S08,T40,0,3.13,2,1,1,4,exposed,stimulus_absolute_context,train,0.47222732942756096,0.527772670572439
DEAP:S11:T03,DEAP:S11,T03,1,7.41,2,1,1,4,exposed,stimulus_absolute_context,train,0.29345491071758245,0.7065450892824175
DEAP:S11:T05,DEAP:S11,T05,1,7.41,2,1,1,4,exposed,stimulus_absolute_context,train,0.3750250704403437,0.6249749295596563
DEAP:S11:T06,DEAP:S11,T06,1,5.32,2,1,1,4,exposed,stimulus_absolute_context,train,0.2461330748451318,0.7538669251548682
DEAP:S11:T07,DEAP:S11,T07,1,6.37,2,1,1,4,exposed,stimulus_absolute_context,train,0.40312906624070144,0.5968709337592986
DEAP:S11:T09,DEAP:S11,T09,1,7.04,2,1,1,4,exposed,stimulus_absolute_context,train,0.2754121043260144,0.7245878956739856
DEAP:S11:T10,DEAP:S11,T10,1,6.53,2,1,1,4,exposed,stimulus_absolute_context,train,0.49451158668341644,0.5054884133165836
DEAP:S11:T12,DEAP:S11,T12,1,5.04,2,1,1,4,exposed,stimulus_absolute_context,train,0.3133134273685396,0.6866865726314604
DEAP:S11:T17,DEAP:S11,T17,1,8.32,2,1,1,4,exposed,stimulus_absolute_context,train,0.39501604828683934,0.6049839517131607
DEAP:S11:T24,DEAP:S11,T24,0,2.88,2,1,1,4,exposed,stimulus_absolute_context,train,0.702139258399722,0.297860741600278
DEAP:S11:T31,DEAP:S11,T31,0,1.83,2,1,1,4,exposed,stimulus_absolute_context,train,0.6146171034713828,0.38538289652861724
DEAP:S11:T34,DEAP:S11,T34,0,4.88,2,1,1,4,exposed,stimulus_absolute_context,train,0.7170663430328258,0.2829336569671742
DEAP:S11:T35,DEAP:S11,T35,0,1.23,2,1,1,4,exposed,stimulus_absolute_context,train,0.7445029508075276,0.2554970491924724
DEAP:S11:T36,DEAP:S11,T36,0,3.62,2,1,1,4,exposed,stimulus_absolute_context,train,0.6212391680945091,0.3787608319054909
DEAP:S11:T37,DEAP:S11,T37,0,1.47,2,1,1,4,exposed,stimulus_absolute_context,train,0.719693147396705,0.280306852603295
DEAP:S11:T40,DEAP:S11,T40,0,4.95,2,1,1,4,exposed,stimulus_absolute_context,train,0.5014515007849731,0.4985484992150269
DEAP:S14:T01,DEAP:S14,T01,1,8.22,2,1,1,4,exposed,stimulus_absolute_context,train,0.3030666432237713,0.6969333567762287
DEAP:S14:T03,DEAP:S14,T03,1,7.5,2,1,1,4,exposed,stimulus_absolute_context,train,0.32126513590027717,0.6787348640997228
DEAP:S14:T05,DEAP:S14,T05,0,3.99,2,1,1,4,exposed,stimulus_absolute_context,train,0.42793624203401237,0.5720637579659876
DEAP:S14:T06,DEAP:S14,T06,1,7.19,2,1,1,4,exposed,stimulus_absolute_context,train,0.26304370744074546,0.7369562925592545
DEAP:S14:T07,DEAP:S14,T07,1,6.85,2,1,1,4,exposed,stimulus_absolute_context,train,0.4140291594030231,0.5859708405969769
DEAP:S14:T09,DEAP:S14,T09,1,7.69,2,1,1,4,exposed,stimulus_absolute_context,train,0.3245800299169892,0.6754199700830108
DEAP:S14:T10,DEAP:S14,T10,0,1.88,2,1,1,4,exposed,stimulus_absolute_context,train,0.5404352737190756,0.4595647262809243
DEAP:S14:T12,DEAP:S14,T12,1,7.63,2,1,1,4,exposed,stimulus_absolute_context,train,0.3638897757063656,0.6361102242936344
DEAP:S14:T17,DEAP:S14,T17,1,6.06,2,1,1,4,exposed,stimulus_absolute_context,train,0.4640943424516555,0.5359056575483445
DEAP:S14:T24,DEAP:S14,T24,0,2.36,2,1,1,4,exposed,stimulus_absolute_context,train,0.7328827680830978,0.26711723191690223
DEAP:S14:T31,DEAP:S14,T31,0,3.26,2,1,1,4,exposed,stimulus_absolute_context,train,0.6658513034891447,0.3341486965108553
DEAP:S14:T34,DEAP:S14,T34,0,2.5,2,1,1,4,exposed,stimulus_absolute_context,train,0.7458895550327822,0.25411044496721785
DEAP:S14:T35,DEAP:S14,T35,0,2.68,2,1,1,4,exposed,stimulus_absolute_context,train,0.7661085264123486,0.23389147358765142
DEAP:S14:T36,DEAP:S14,T36,0,2.01,2,1,1,4,exposed,stimulus_absolute_context,train,0.642541482680804,0.357458517319196
DEAP:S14:T37,DEAP:S14,T37,0,3.47,2,1,1,4,exposed,stimulus_absolute_context,train,0.7456585870111765,0.2543414129888235
DEAP:S14:T40,DEAP:S14,T40,1,6.68,2,1,1,4,exposed,stimulus_absolute_context,train,0.5695942309839312,0.4304057690160687
DEAP:S15:T01,DEAP:S15,T01,1,8.9,2,1,1,4,exposed,stimulus_absolute_context,train,0.27400462053821484,0.7259953794617852
DEAP:S15:T03,DEAP:S15,T03,1,8.04,2,1,1,4,exposed,stimulus_absolute_context,train,0.3163303269767108,0.6836696730232892
DEAP:S15:T05,DEAP:S15,T05,1,9.0,2,1,1,4,exposed,stimulus_absolute_context,train,0.33221062165523296,0.667789378344767
DEAP:S15:T06,DEAP:S15,T06,1,9.0,2,1,1,4,exposed,stimulus_absolute_context,train,0.23471013331004686,0.7652898666899531
DEAP:S15:T07,DEAP:S15,T07,1,5.04,2,1,1,4,exposed,stimulus_absolute_context,train,0.40152304167364417,0.5984769583263558
DEAP:S15:T09,DEAP:S15,T09,1,9.0,2,1,1,4,exposed,stimulus_absolute_context,train,0.2633563748405635,0.7366436251594365
DEAP:S15:T10,DEAP:S15,T10,0,4.99,2,1,1,4,exposed,stimulus_absolute_context,train,0.5084399989401907,0.4915600010598094
DEAP:S15:T17,DEAP:S15,T17,1,8.1,2,1,1,4,exposed,stimulus_absolute_context,train,0.42151519907425117,0.5784848009257488
DEAP:S15:T24,DEAP:S15,T24,0,1.92,2,1,1,4,exposed,stimulus_absolute_context,train,0.7150668627645554,0.28493313723544456
DEAP:S15:T31,DEAP:S15,T31,0,2.99,2,1,1,4,exposed,stimulus_absolute_context,train,0.6671299496912921,0.33287005030870787
DEAP:S15:T34,DEAP:S15,T34,0,3.01,2,1,1,4,exposed,stimulus_absolute_context,train,0.715552841549199,0.2844471584508011
DEAP:S15:T36,DEAP:S15,T36,0,3.96,2,1,1,4,exposed,stimulus_absolute_context,train,0.61404261531756,0.38595738468243995
DEAP:S15:T37,DEAP:S15,T37,0,3.04,2,1,1,4,exposed,stimulus_absolute_context,train,0.7340337564757505,0.26596624352424947
DEAP:S15:T40,DEAP:S15,T40,0,4.01,2,1,1,4,exposed,stimulus_absolute_context,train,0.5426557788017131,0.4573442211982869
DEAP:S16:T01,DEAP:S16,T01,0,2.51,2,1,1,4,exposed,stimulus_absolute_context,train,0.32071766078789565,0.6792823392121043
DEAP:S16:T03,DEAP:S16,T03,1,6.74,2,1,1,4,exposed,stimulus_absolute_context,train,0.3827739843633121,0.6172260156366879
DEAP:S16:T05,DEAP:S16,T05,1,5.51,2,1,1,4,exposed,stimulus_absolute_context,train,0.4470607994977168,0.5529392005022832
DEAP:S16:T06,DEAP:S16,T06,0,4.99,2,1,1,4,exposed,stimulus_absolute_context,train,0.23767585234771293,0.7623241476522871
DEAP:S16:T07,DEAP:S16,T07,1,6.83,2,1,1,4,exposed,stimulus_absolute_context,train,0.4937084013413665,0.5062915986586335
DEAP:S16:T09,DEAP:S16,T09,0,4.18,2,1,1,4,exposed,stimulus_absolute_context,train,0.32785676183667956,0.6721432381633204
DEAP:S16:T12,DEAP:S16,T12,1,5.97,2,1,1,4,exposed,stimulus_absolute_context,train,0.39080927683966593,0.6091907231603341
DEAP:S16:T17,DEAP:S16,T17,0,1.21,2,1,1,4,exposed,stimulus_absolute_context,train,0.43087457793280537,0.5691254220671946
DEAP:S16:T24,DEAP:S16,T24,0,2.51,2,1,1,4,exposed,stimulus_absolute_context,train,0.7611486950184108,0.23885130498158927
DEAP:S16:T31,DEAP:S16,T31,0,3.88,2,1,1,4,exposed,stimulus_absolute_context,train,0.70931469270731,0.2906853072926901
DEAP:S16:T34,DEAP:S16,T34,0,1.0,2,1,1,4,exposed,stimulus_absolute_context,train,0.7873893476516997,0.21261065234830037
DEAP:S16:T35,DEAP:S16,T35,0,1.0,2,1,1,4,exposed,stimulus_absolute_context,train,0.8121476791028255,0.1878523208971745
DEAP:S16:T36,DEAP:S16,T36,1,5.05,2,1,1,4,exposed,stimulus_absolute_context,train,0.6946105159053537,0.30538948409464634
DEAP:S16:T37,DEAP:S16,T37,1,6.09,2,1,1,4,exposed,stimulus_absolute_context,train,0.8070805839829996,0.19291941601700036
DEAP:S16:T40,DEAP:S16,T40,0,3.74,2,1,1,4,exposed,stimulus_absolute_context,train,0.5940649623069914,0.4059350376930086
DEAP:S17:T01,DEAP:S17,T01,0,4.05,2,1,1,4,exposed,stimulus_absolute_context,train,0.29522344507424136,0.7047765549257586
DEAP:S17:T03,DEAP:S17,T03,1,6.46,2,1,1,4,exposed,stimulus_absolute_context,train,0.3651598154229029,0.6348401845770971
DEAP:S17:T05,DEAP:S17,T05,1,7.05,2,1,1,4,exposed,stimulus_absolute_context,train,0.4784115325265851,0.5215884674734149
DEAP:S17:T06,DEAP:S17,T06,1,6.9,2,1,1,4,exposed,stimulus_absolute_context,train,0.3017970226705887,0.6982029773294113
DEAP:S17:T07,DEAP:S17,T07,1,7.08,2,1,1,4,exposed,stimulus_absolute_context,train,0.4267203730916208,0.5732796269083792
DEAP:S17:T09,DEAP:S17,T09,1,6.04,2,1,1,4,exposed,stimulus_absolute_context,train,0.3468995395659987,0.6531004604340013
DEAP:S17:T10,DEAP:S17,T10,1,6.09,2,1,1,4,exposed,stimulus_absolute_context,train,0.582813666197624,0.417186333802376
DEAP:S17:T12,DEAP:S17,T12,1,5.96,2,1,1,4,exposed,stimulus_absolute_context,train,0.38312163503406194,0.6168783649659381
DEAP:S17:T17,DEAP:S17,T17,0,4.12,2,1,1,4,exposed,stimulus_absolute_context,train,0.45957880022166586,0.5404211997783341
DEAP:S17:T24,DEAP:S17,T24,0,4.53,2,1,1,4,exposed,stimulus_absolute_context,train,0.7611964322447371,0.23880356775526287
DEAP:S17:T31,DEAP:S17,T31,0,4.54,2,1,1,4,exposed,stimulus_absolute_context,train,0.6975521045752763,0.3024478954247237
DEAP:S17:T34,DEAP:S17,T34,0,4.99,2,1,1,4,exposed,stimulus_absolute_context,train,0.7794480746134516,0.2205519253865484
DEAP:S17:T35,DEAP:S17,T35,0,4.17,2,1,1,4,exposed,stimulus_absolute_context,train,0.7960446783344586,0.20395532166554145
DEAP:S17:T36,DEAP:S17,T36,0,3.37,2,1,1,4,exposed,stimulus_absolute_context,train,0.6472713153445869,0.35272868465541307
DEAP:S17:T37,DEAP:S17,T37,0,3.46,2,1,1,4,exposed,stimulus_absolute_context,train,0.7827396144151281,0.21726038558487193
DEAP:S17:T40,DEAP:S17,T40,1,5.04,2,1,1,4,exposed,stimulus_absolute_context,train,0.5929976414260704,0.40700235857392963
DEAP:S19:T01,DEAP:S19,T01,1,7.44,2,1,1,4,exposed,stimulus_absolute_context,train,0.270577646885794,0.729422353114206
DEAP:S19:T03,DEAP:S19,T03,1,6.82,2,1,1,4,exposed,stimulus_absolute_context,train,0.30044245605230213,0.6995575439476979
DEAP:S19:T05,DEAP:S19,T05,1,7.79,2,1,1,4,exposed,stimulus_absolute_context,train,0.35046994147456867,0.6495300585254313
DEAP:S19:T07,DEAP:S19,T07,1,6.64,2,1,1,4,exposed,stimulus_absolute_context,train,0.3635126980574783,0.6364873019425217
DEAP:S19:T09,DEAP:S19,T09,1,7.09,2,1,1,4,exposed,stimulus_absolute_context,train,0.2651257103932625,0.7348742896067375
DEAP:S19:T10,DEAP:S19,T10,1,5.01,2,1,1,4,exposed,stimulus_absolute_context,train,0.48063188834926074,0.5193681116507393
DEAP:S19:T17,DEAP:S19,T17,1,7.38,2,1,1,4,exposed,stimulus_absolute_context,train,0.37537927923011005,0.62462072076989
DEAP:S19:T24,DEAP:S19,T24,0,3.23,2,1,1,4,exposed,stimulus_absolute_context,train,0.6758271048597313,0.32417289514026876
DEAP:S19:T31,DEAP:S19,T31,1,5.03,2,1,1,4,exposed,stimulus_absolute_context,train,0.6402221680652516,0.3597778319347485
DEAP:S19:T34,DEAP:S19,T34,0,4.17,2,1,1,4,exposed,stimulus_absolute_context,train,0.6884157268261606,0.31158427317383935
DEAP:S19:T35,DEAP:S19,T35,0,3.21,2,1,1,4,exposed,stimulus_absolute_context,train,0.7277983061919481,0.2722016938080519
DEAP:S19:T36,DEAP:S19,T36,0,3.71,2,1,1,4,exposed,stimulus_absolute_context,train,0.5862171065774804,0.4137828934225196
DEAP:S19:T37,DEAP:S19,T37,0,3.15,2,1,1,4,exposed,stimulus_absolute_context,train,0.692177768954764,0.307822231045236
DEAP:S19:T40,DEAP:S19,T40,0,4.24,2,1,1,4,exposed,stimulus_absolute_context,train,0.4912812924854294,0.5087187075145706
DEAP:S20:T05,DEAP:S20,T05,1,8.82,2,1,1,4,exposed,stimulus_absolute_context,train,0.3369668818021687,0.6630331181978313
DEAP:S20:T06,DEAP:S20,T06,1,7.62,2,1,1,4,exposed,stimulus_absolute_context,train,0.23843978703631985,0.7615602129636801
DEAP:S20:T07,DEAP:S20,T07,1,5.27,2,1,1,4,exposed,stimulus_absolute_context,train,0.39011885042860606,0.6098811495713939
DEAP:S20:T09,DEAP:S20,T09,1,8.22,2,1,1,4,exposed,stimulus_absolute_context,train,0.2478734454203626,0.7521265545796374
DEAP:S20:T10,DEAP:S20,T10,1,5.13,2,1,1,4,exposed,stimulus_absolute_context,train,0.4737023366133135,0.5262976633866865
DEAP:S20:T12,DEAP:S20,T12,1,7.64,2,1,1,4,exposed,stimulus_absolute_context,train,0.26843157505122583,0.7315684249487742
DEAP:S20:T17,DEAP:S20,T17,1,5.04,2,1,1,4,exposed,stimulus_absolute_context,train,0.40924078777889694,0.5907592122211031
DEAP:S20:T24,DEAP:S20,T24,0,3.0,2,1,1,4,exposed,stimulus_absolute_context,train,0.6865545310147367,0.3134454689852633
DEAP:S20:T31,DEAP:S20,T31,0,4.46,2,1,1,4,exposed,stimulus_absolute_context,train,0.6155427271929038,0.3844572728070962
DEAP:S20:T34,DEAP:S20,T34,0,4.74,2,1,1,4,exposed,stimulus_absolute_context,train,0.7270803025389552,0.27291969746104483
DEAP:S20:T35,DEAP:S20,T35,0,4.35,2,1,1,4,exposed,stimulus_absolute_context,train,0.7349706920463464,0.2650293079536536
DEAP:S20:T36,DEAP:S20,T36,0,4.29,2,1,1,4,exposed,stimulus_absolute_context,train,0.5842592419243064,0.4157407580756935
DEAP:S20:T37,DEAP:S20,T37,0,3.01,2,1,1,4,exposed,stimulus_absolute_context,train,0.7095139603305,0.29048603966950004
DEAP:S20:T40,DEAP:S20,T40,0,4.94,2,1,1,4,exposed,stimulus_absolute_context,train,0.4906108623883644,0.5093891376116356
DEAP:S21:T01,DEAP:S21,T01,1,6.42,2,1,1,4,exposed,stimulus_absolute_context,train,0.3552299923274539,0.6447700076725461
DEAP:S21:T03,DEAP:S21,T03,0,4.83,2,1,1,4,exposed,stimulus_absolute_context,train,0.32830783213947157,0.6716921678605284
DEAP:S21:T05,DEAP:S21,T05,1,8.09,2,1,1,4,exposed,stimulus_absolute_context,train,0.4232534635468371,0.5767465364531629
DEAP:S21:T06,DEAP:S21,T06,1,7.92,2,1,1,4,exposed,stimulus_absolute_context,train,0.28341541646231583,0.7165845835376842
DEAP:S21:T07,DEAP:S21,T07,1,7.05,2,1,1,4,exposed,stimulus_absolute_context,train,0.42173738873131705,0.578262611268683
DEAP:S21:T09,DEAP:S21,T09,1,8.56,2,1,1,4,exposed,stimulus_absolute_context,train,0.3319124291301906,0.6680875708698094
DEAP:S21:T10,DEAP:S21,T10,1,7.05,2,1,1,4,exposed,stimulus_absolute_context,train,0.5631509690418603,0.4368490309581396
DEAP:S21:T12,DEAP:S21,T12,0,4.63,2,1,1,4,exposed,stimulus_absolute_context,train,0.3142781960351403,0.6857218039648597
DEAP:S21:T17,DEAP:S21,T17,1,5.53,2,1,1,4,exposed,stimulus_absolute_context,train,0.43822285574142916,0.5617771442585708
DEAP:S21:T24,DEAP:S21,T24,0,2.99,2,1,1,4,exposed,stimulus_absolute_context,train,0.7408222656858175,0.25917773431418245
DEAP:S21:T31,DEAP:S21,T31,1,5.04,2,1,1,4,exposed,stimulus_absolute_context,train,0.6842512379577284,0.31574876204227165
DEAP:S21:T34,DEAP:S21,T34,0,4.06,2,1,1,4,exposed,stimulus_absolute_context,train,0.7592760601435997,0.24072393985640025
DEAP:S21:T35,DEAP:S21,T35,0,4.92,2,1,1,4,exposed,stimulus_absolute_context,train,0.7549987970618368,0.24500120293816316
DEAP:S21:T36,DEAP:S21,T36,1,6.88,2,1,1,4,exposed,stimulus_absolute_context,train,0.6840402958795604,0.31595970412043956
DEAP:S21:T37,DEAP:S21,T37,0,3.04,2,1,1,4,exposed,stimulus_absolute_context,train,0.7411695852581568,0.25883041474184326
DEAP:S21:T40,DEAP:S21,T40,0,3.99,2,1,1,4,exposed,stimulus_absolute_context,train,0.5701508483835045,0.4298491516164955
DEAP:S23:T01,DEAP:S23,T01,1,7.71,2,1,1,4,exposed,stimulus_absolute_context,train,0.20438852678248343,0.7956114732175166
DEAP:S23:T05,DEAP:S23,T05,1,6.94,2,1,1,4,exposed,stimulus_absolute_context,train,0.2763821979812513,0.7236178020187487
DEAP:S23:T06,DEAP:S23,T06,1,5.09,2,1,1,4,exposed,stimulus_absolute_context,train,0.18348971129947145,0.8165102887005286
DEAP:S23:T07,DEAP:S23,T07,1,8.94,2,1,1,4,exposed,stimulus_absolute_context,train,0.28857737016434715,0.7114226298356529
DEAP:S23:T09,DEAP:S23,T09,1,7.03,2,1,1,4,exposed,stimulus_absolute_context,train,0.2179311513715636,0.7820688486284364
DEAP:S23:T10,DEAP:S23,T10,1,5.01,2,1,1,4,exposed,stimulus_absolute_context,train,0.3957408366631875,0.6042591633368125
DEAP:S23:T12,DEAP:S23,T12,1,7.0,2,1,1,4,exposed,stimulus_absolute_context,train,0.22623784183468354,0.7737621581653165
DEAP:S23:T17,DEAP:S23,T17,0,2.86,2,1,1,4,exposed,stimulus_absolute_context,train,0.24096717920988753,0.7590328207901125
DEAP:S23:T24,DEAP:S23,T24,1,6.53,2,1,1,4,exposed,stimulus_absolute_context,train,0.6054484338278722,0.39455156617212783
DEAP:S23:T31,DEAP:S23,T31,0,4.86,2,1,1,4,exposed,stimulus_absolute_context,train,0.5454853746382812,0.4545146253617188
DEAP:S23:T35,DEAP:S23,T35,1,5.18,2,1,1,4,exposed,stimulus_absolute_context,train,0.7202612311852145,0.27973876881478554
DEAP:S23:T36,DEAP:S23,T36,0,4.92,2,1,1,4,exposed,stimulus_absolute_context,train,0.5074656380100151,0.49253436198998485
DEAP:S23:T37,DEAP:S23,T37,0,4.31,2,1,1,4,exposed,stimulus_absolute_context,train,0.6105485158561954,0.38945148414380465
DEAP:S23:T40,DEAP:S23,T40,0,4.88,2,1,1,4,exposed,stimulus_absolute_context,train,0.4205622622997601,0.5794377377002399
DEAP:S24:T01,DEAP:S24,T01,1,7.06,2,1,1,4,exposed,stimulus_absolute_context,train,0.3698400848857233,0.6301599151142767
DEAP:S24:T03,DEAP:S24,T03,1,8.96,2,1,1,4,exposed,stimulus_absolute_context,train,0.39333537943364827,0.6066646205663517
DEAP:S24:T05,DEAP:S24,T05,1,7.06,2,1,1,4,exposed,stimulus_absolute_context,train,0.4858234096051822,0.5141765903948178
DEAP:S24:T06,DEAP:S24,T06,1,5.96,2,1,1,4,exposed,stimulus_absolute_context,train,0.3465215485469142,0.6534784514530858
DEAP:S24:T07,DEAP:S24,T07,0,3.04,2,1,1,4,exposed,stimulus_absolute_context,train,0.4791222501559781,0.5208777498440219
DEAP:S24:T09,DEAP:S24,T09,1,7.08,2,1,1,4,exposed,stimulus_absolute_context,train,0.377835607026063,0.622164392973937
DEAP:S24:T17,DEAP:S24,T17,0,4.08,2,1,1,4,exposed,stimulus_absolute_context,train,0.5327875437877236,0.46721245621227636
DEAP:S24:T24,DEAP:S24,T24,0,2.99,2,1,1,4,exposed,stimulus_absolute_context,train,0.7717746846603712,0.22822531533962875
DEAP:S24:T31,DEAP:S24,T31,0,2.94,2,1,1,4,exposed,stimulus_absolute_context,train,0.7164550351071972,0.28354496489280273
DEAP:S24:T34,DEAP:S24,T34,0,4.05,2,1,1,4,exposed,stimulus_absolute_context,train,0.7892302414536891,0.21076975854631091
DEAP:S24:T35,DEAP:S24,T35,0,4.05,2,1,1,4,exposed,stimulus_absolute_context,train,0.7933533918796516,0.20664660812034846
DEAP:S24:T36,DEAP:S24,T36,0,4.0,2,1,1,4,exposed,stimulus_absolute_context,train,0.7023352028092715,0.2976647971907285
DEAP:S24:T37,DEAP:S24,T37,0,4.0,2,1,1,4,exposed,stimulus_absolute_context,train,0.7801235930665932,0.2198764069334068
DEAP:S25:T01,DEAP:S25,T01,1,8.06,2,1,1,4,exposed,stimulus_absolute_context,train,0.322717553743461,0.677282446256539
DEAP:S25:T05,DEAP:S25,T05,1,5.04,2,1,1,4,exposed,stimulus_absolute_context,train,0.4436304679149412,0.5563695320850588
DEAP:S25:T07,DEAP:S25,T07,1,6.08,2,1,1,4,exposed,stimulus_absolute_context,train,0.4458720925997931,0.5541279074002069
DEAP:S25:T09,DEAP:S25,T09,1,8.09,2,1,1,4,exposed,stimulus_absolute_context,train,0.3500093830124349,0.6499906169875651
DEAP:S25:T10,DEAP:S25,T10,0,1.0,2,1,1,4,exposed,stimulus_absolute_context,train,0.5277259078444307,0.47227409215556926
DEAP:S25:T17,DEAP:S25,T17,1,5.04,2,1,1,4,exposed,stimulus_absolute_context,train,0.4493243488929666,0.5506756511070334
DEAP:S25:T24,DEAP:S25,T24,0,3.05,2,1,1,4,exposed,stimulus_absolute_context,train,0.7110432504897365,0.2889567495102635
DEAP:S25:T31,DEAP:S25,T31,0,1.01,2,1,1,4,exposed,stimulus_absolute_context,train,0.6730397334890044,0.3269602665109957
DEAP:S25:T34,DEAP:S25,T34,0,4.95,2,1,1,4,exposed,stimulus_absolute_context,train,0.7581762505651329,0.2418237494348671
DEAP:S25:T35,DEAP:S25,T35,0,3.03,2,1,1,4,exposed,stimulus_absolute_context,train,0.7747981336502463,0.22520186634975367
DEAP:S25:T36,DEAP:S25,T36,0,3.0,2,1,1,4,exposed,stimulus_absolute_context,train,0.6713225386882408,0.32867746131175923
DEAP:S25:T37,DEAP:S25,T37,0,1.0,2,1,1,4,exposed,stimulus_absolute_context,train,0.7578786504848296,0.24212134951517045
DEAP:S25:T40,DEAP:S25,T40,0,1.0,2,1,1,4,exposed,stimulus_absolute_context,train,0.5675495281465541,0.4324504718534459
DEAP:S27:T01,DEAP:S27,T01,1,6.03,2,1,1,4,exposed,stimulus_absolute_context,train,0.218742142750189,0.781257857249811
DEAP:S27:T03,DEAP:S27,T03,1,9.0,2,1,1,4,exposed,stimulus_absolute_context,train,0.2429672829701991,0.7570327170298009
DEAP:S27:T05,DEAP:S27,T05,0,4.97,2,1,1,4,exposed,stimulus_absolute_context,train,0.2675647536545225,0.7324352463454775
DEAP:S27:T06,DEAP:S27,T06,1,7.0,2,1,1,4,exposed,stimulus_absolute_context,train,0.17312370915474717,0.8268762908452528
DEAP:S27:T07,DEAP:S27,T07,0,4.94,2,1,1,4,exposed,stimulus_absolute_context,train,0.2895162860337177,0.7104837139662823
DEAP:S27:T09,DEAP:S27,T09,1,8.99,2,1,1,4,exposed,stimulus_absolute_context,train,0.22652692428794796,0.773473075712052
DEAP:S27:T10,DEAP:S27,T10,1,6.01,2,1,1,4,exposed,stimulus_absolute_context,train,0.4260847073785282,0.5739152926214718
DEAP:S27:T17,DEAP:S27,T17,1,9.0,2,1,1,4,exposed,stimulus_absolute_context,train,0.3158487197317067,0.6841512802682933
DEAP:S27:T24,DEAP:S27,T24,1,8.9,2,1,1,4,exposed,stimulus_absolute_context,train,0.6359399050604289,0.36406009493957114
DEAP:S27:T31,DEAP:S27,T31,1,5.08,2,1,1,4,exposed,stimulus_absolute_context,train,0.5616788879599963,0.4383211120400036
DEAP:S27:T34,DEAP:S27,T34,0,2.85,2,1,1,4,exposed,stimulus_absolute_context,train,0.6215100263983199,0.37848997360168013
DEAP:S27:T36,DEAP:S27,T36,1,6.13,2,1,1,4,exposed,stimulus_absolute_context,train,0.5329716954061934,0.46702830459380656
DEAP:S27:T37,DEAP:S27,T37,0,2.99,2,1,1,4,exposed,stimulus_absolute_context,train,0.6123881280970191,0.3876118719029809
DEAP:S27:T40,DEAP:S27,T40,1,5.04,2,1,1,4,exposed,stimulus_absolute_context,train,0.4363813146837544,0.5636186853162456
DEAP:S28:T05,DEAP:S28,T05,1,7.04,2,1,1,4,exposed,stimulus_absolute_context,train,0.27033327155503295,0.729666728444967
DEAP:S28:T06,DEAP:S28,T06,1,8.15,2,1,1,4,exposed,stimulus_absolute_context,train,0.17363882175990908,0.8263611782400909
DEAP:S28:T07,DEAP:S28,T07,1,8.09,2,1,1,4,exposed,stimulus_absolute_context,train,0.27947558297590325,0.7205244170240968
DEAP:S28:T10,DEAP:S28,T10,1,7.99,2,1,1,4,exposed,stimulus_absolute_context,train,0.39029760203515607,0.6097023979648439
DEAP:S28:T12,DEAP:S28,T12,1,6.06,2,1,1,4,exposed,stimulus_absolute_context,train,0.2172153438175306,0.7827846561824694
DEAP:S28:T17,DEAP:S28,T17,1,6.99,2,1,1,4,exposed,stimulus_absolute_context,train,0.30087954646460824,0.6991204535353918
DEAP:S28:T24,DEAP:S28,T24,0,4.04,2,1,1,4,exposed,stimulus_absolute_context,train,0.5788494137233903,0.42115058627660973
DEAP:S28:T31,DEAP:S28,T31,1,6.91,2,1,1,4,exposed,stimulus_absolute_context,train,0.5431639963704127,0.4568360036295873
DEAP:S28:T34,DEAP:S28,T34,1,5.99,2,1,1,4,exposed,stimulus_absolute_context,train,0.6863786619612295,0.3136213380387704
DEAP:S28:T35,DEAP:S28,T35,0,1.08,2,1,1,4,exposed,stimulus_absolute_context,train,0.6412963578816195,0.3587036421183805
DEAP:S28:T36,DEAP:S28,T36,0,3.08,2,1,1,4,exposed,stimulus_absolute_context,train,0.48623444635090474,0.5137655536490953
DEAP:S28:T37,DEAP:S28,T37,0,1.01,2,1,1,4,exposed,stimulus_absolute_context,train,0.6143295612876767,0.3856704387123233
DEAP:S29:T01,DEAP:S29,T01,1,6.06,2,1,1,4,exposed,stimulus_absolute_context,train,0.223003820692259,0.776996179307741
DEAP:S29:T03,DEAP:S29,T03,1,9.0,2,1,1,4,exposed,stimulus_absolute_context,train,0.22666459271707007,0.7733354072829299
DEAP:S29:T06,DEAP:S29,T06,1,8.03,2,1,1,4,exposed,stimulus_absolute_context,train,0.18424891525774578,0.8157510847422542
DEAP:S29:T07,DEAP:S29,T07,1,7.04,2,1,1,4,exposed,stimulus_absolute_context,train,0.29666130049207484,0.7033386995079252
DEAP:S29:T09,DEAP:S29,T09,1,7.06,2,1,1,4,exposed,stimulus_absolute_context,train,0.2297707475055315,0.7702292524944685
DEAP:S29:T10,DEAP:S29,T10,1,7.01,2,1,1,4,exposed,stimulus_absolute_context,train,0.39492310623963855,0.6050768937603614
DEAP:S29:T12,DEAP:S29,T12,1,6.04,2,1,1,4,exposed,stimulus_absolute_context,train,0.23356172146237575,0.7664382785376243
DEAP:S29:T17,DEAP:S29,T17,1,5.08,2,1,1,4,exposed,stimulus_absolute_context,train,0.30046830606984387,0.6995316939301561
DEAP:S29:T24,DEAP:S29,T24,0,4.12,2,1,1,4,exposed,stimulus_absolute_context,train,0.629381615670376,0.370618384329624
DEAP:S29:T31,DEAP:S29,T31,0,1.0,2,1,1,4,exposed,stimulus_absolute_context,train,0.5419651358165312,0.4580348641834688
DEAP:S29:T34,DEAP:S29,T34,0,3.95,2,1,1,4,exposed,stimulus_absolute_context,train,0.6380348618097005,0.3619651381902995
DEAP:S29:T35,DEAP:S29,T35,0,1.92,2,1,1,4,exposed,stimulus_absolute_context,train,0.666860389054061,0.33313961094593897
DEAP:S29:T36,DEAP:S29,T36,1,5.03,2,1,1,4,exposed,stimulus_absolute_context,train,0.5409820580611187,0.45901794193888135
DEAP:S29:T40,DEAP:S29,T40,1,6.01,2,1,1,4,exposed,stimulus_absolute_context,train,0.4199792301131702,0.5800207698868298
DEAP:S30:T01,DEAP:S30,T01,1,5.04,2,1,1,4,exposed,stimulus_absolute_context,train,0.24654932362494553,0.7534506763750545
DEAP:S30:T05,DEAP:S30,T05,1,6.19,2,1,1,4,exposed,stimulus_absolute_context,train,0.3221571314831063,0.6778428685168937
DEAP:S30:T06,DEAP:S30,T06,1,6.22,2,1,1,4,exposed,stimulus_absolute_context,train,0.19885578747892974,0.8011442125210703
DEAP:S30:T07,DEAP:S30,T07,0,4.05,2,1,1,4,exposed,stimulus_absolute_context,train,0.31271800161568286,0.6872819983843171
DEAP:S30:T09,DEAP:S30,T09,1,7.08,2,1,1,4,exposed,stimulus_absolute_context,train,0.24529327407628032,0.7547067259237197
DEAP:S30:T10,DEAP:S30,T10,1,5.08,2,1,1,4,exposed,stimulus_absolute_context,train,0.45391714274069483,0.5460828572593052
DEAP:S30:T12,DEAP:S30,T12,1,5.15,2,1,1,4,exposed,stimulus_absolute_context,train,0.25317737570530563,0.7468226242946944
DEAP:S30:T17,DEAP:S30,T17,1,7.13,2,1,1,4,exposed,stimulus_absolute_context,train,0.35434469235501775,0.6456553076449822
DEAP:S30:T31,DEAP:S30,T31,0,3.86,2,1,1,4,exposed,stimulus_absolute_context,train,0.5800221377578879,0.4199778622421121
DEAP:S30:T34,DEAP:S30,T34,0,4.99,2,1,1,4,exposed,stimulus_absolute_context,train,0.6725459068027739,0.3274540931972261
DEAP:S30:T35,DEAP:S30,T35,1,5.04,2,1,1,4,exposed,stimulus_absolute_context,train,0.7482424973478489,0.25175750265215113
DEAP:S30:T36,DEAP:S30,T36,0,4.03,2,1,1,4,exposed,stimulus_absolute_context,train,0.5465245027060556,0.45347549729394443
DEAP:S30:T37,DEAP:S30,T37,0,4.13,2,1,1,4,exposed,stimulus_absolute_context,train,0.671433878276766,0.32856612172323396
DEAP:S30:T40,DEAP:S30,T40,1,5.05,2,1,1,4,exposed,stimulus_absolute_context,train,0.48699152636879595,0.513008473631204
DEAP:S32:T01,DEAP:S32,T01,1,8.13,2,1,1,4,exposed,stimulus_absolute_context,train,0.2678598989134964,0.7321401010865036
DEAP:S32:T03,DEAP:S32,T03,1,8.05,2,1,1,4,exposed,stimulus_absolute_context,train,0.31408009132705916,0.6859199086729408
DEAP:S32:T06,DEAP:S32,T06,1,5.78,2,1,1,4,exposed,stimulus_absolute_context,train,0.28124818646929806,0.7187518135307019
DEAP:S32:T07,DEAP:S32,T07,0,4.94,2,1,1,4,exposed,stimulus_absolute_context,train,0.39806013882005964,0.6019398611799404
DEAP:S32:T09,DEAP:S32,T09,1,7.86,2,1,1,4,exposed,stimulus_absolute_context,train,0.27024035343684705,0.729759646563153
DEAP:S32:T10,DEAP:S32,T10,0,4.08,2,1,1,4,exposed,stimulus_absolute_context,train,0.5152068327089683,0.4847931672910317
DEAP:S32:T12,DEAP:S32,T12,1,7.31,2,1,1,4,exposed,stimulus_absolute_context,train,0.2773082773157154,0.7226917226842846
DEAP:S32:T17,DEAP:S32,T17,1,6.09,2,1,1,4,exposed,stimulus_absolute_context,train,0.37269966886353567,0.6273003311364643
DEAP:S32:T24,DEAP:S32,T24,0,1.0,2,1,1,4,exposed,stimulus_absolute_context,train,0.685081020226866,0.31491897977313393
DEAP:S32:T31,DEAP:S32,T31,0,4.17,2,1,1,4,exposed,stimulus_absolute_context,train,0.6631119202255067,0.3368880797744933
DEAP:S32:T34,DEAP:S32,T34,0,4.05,2,1,1,4,exposed,stimulus_absolute_context,train,0.7007309622781657,0.29926903772183433
DEAP:S32:T35,DEAP:S32,T35,0,3.88,2,1,1,4,exposed,stimulus_absolute_context,train,0.7261425509821793,0.2738574490178208
DEAP:S32:T36,DEAP:S32,T36,0,3.91,2,1,1,4,exposed,stimulus_absolute_context,train,0.6433791897871604,0.3566208102128397
DEAP:S32:T37,DEAP:S32,T37,0,2.81,2,1,1,4,exposed,stimulus_absolute_context,train,0.7437824547439467,0.25621754525605334
DEAP:S32:T40,DEAP:S32,T40,1,7.15,2,1,1,4,exposed,stimulus_absolute_context,train,0.5718033919956551,0.42819660800434484
DEAP:S10:T13,DEAP:S10,T13,1,6.72,2,1,1,4,exposed,stimulus_absolute_context,validation_unseen,0.37008195383284803,0.629918046167152
DEAP:S10:T14,DEAP:S10,T14,1,8.81,2,1,1,4,exposed,stimulus_absolute_context,validation_unseen,0.3717520257746959,0.6282479742253041
DEAP:S10:T15,DEAP:S10,T15,1,5.31,2,1,1,4,exposed,stimulus_absolute_context,validation_unseen,0.3613483444870299,0.6386516555129701
DEAP:S10:T16,DEAP:S10,T16,0,3.85,2,1,1,4,exposed,stimulus_absolute_context,validation_unseen,0.360157944844013,0.639842055155987
DEAP:S10:T20,DEAP:S10,T20,1,5.58,2,1,1,4,exposed,stimulus_absolute_context,validation_unseen,0.35007206614023845,0.6499279338597616
DEAP:S10:T21,DEAP:S10,T21,0,2.97,2,1,1,4,exposed,stimulus_absolute_context,validation_unseen,0.35908219852539736,0.6409178014746026
DEAP:S10:T27,DEAP:S10,T27,0,4.94,2,1,1,4,exposed,stimulus_absolute_context,validation_unseen,0.363376456031551,0.636623543968449
DEAP:S10:T38,DEAP:S10,T38,0,1.91,2,1,1,4,exposed,stimulus_absolute_context,validation_unseen,0.35566254240913786,0.6443374575908621
DEAP:S12:T13,DEAP:S12,T13,1,7.99,2,1,1,4,exposed,stimulus_absolute_context,validation_unseen,0.40714815119655345,0.5928518488034465
DEAP:S12:T14,DEAP:S12,T14,1,8.15,2,1,1,4,exposed,stimulus_absolute_context,validation_unseen,0.3668863438157146,0.6331136561842854
DEAP:S12:T15,DEAP:S12,T15,1,7.08,2,1,1,4,exposed,stimulus_absolute_context,validation_unseen,0.4363954769208106,0.5636045230791894
DEAP:S12:T16,DEAP:S12,T16,1,5.04,2,1,1,4,exposed,stimulus_absolute_context,validation_unseen,0.3737676060723243,0.6262323939276757
DEAP:S12:T20,DEAP:S12,T20,1,7.35,2,1,1,4,exposed,stimulus_absolute_context,validation_unseen,0.3693209584069741,0.6306790415930259
DEAP:S12:T21,DEAP:S12,T21,0,2.13,2,1,1,4,exposed,stimulus_absolute_context,validation_unseen,0.37175560418708886,0.6282443958129111
DEAP:S12:T27,DEAP:S12,T27,1,5.05,2,1,1,4,exposed,stimulus_absolute_context,validation_unseen,0.4258945473509509,0.5741054526490491
DEAP:S12:T38,DEAP:S12,T38,0,2.85,2,1,1,4,exposed,stimulus_absolute_context,validation_unseen,0.36400781797213655,0.6359921820278635
DEAP:S22:T13,DEAP:S22,T13,1,7.01,2,1,1,4,exposed,stimulus_absolute_context,validation_unseen,0.40141703882544244,0.5985829611745576
DEAP:S22:T14,DEAP:S22,T14,1,8.05,2,1,1,4,exposed,stimulus_absolute_context,validation_unseen,0.41868350399198906,0.5813164960080109
DEAP:S22:T16,DEAP:S22,T16,1,6.06,2,1,1,4,exposed,stimulus_absolute_context,validation_unseen,0.4525867504483301,0.5474132495516699
DEAP:S22:T20,DEAP:S22,T20,1,7.08,2,1,1,4,exposed,stimulus_absolute_context,validation_unseen,0.37298517247599194,0.6270148275240081
DEAP:S22:T21,DEAP:S22,T21,0,2.97,2,1,1,4,exposed,stimulus_absolute_context,validation_unseen,0.4110066389215624,0.5889933610784376
DEAP:S22:T27,DEAP:S22,T27,1,7.06,2,1,1,4,exposed,stimulus_absolute_context,validation_unseen,0.3552970072382682,0.6447029927617318
DEAP:S22:T38,DEAP:S22,T38,0,1.0,2,1,1,4,exposed,stimulus_absolute_context,validation_unseen,0.3555950501405033,0.6444049498594967
DEAP:S26:T13,DEAP:S26,T13,1,7.12,2,1,1,4,exposed,stimulus_absolute_context,validation_unseen,0.4732816436229984,0.5267183563770016
DEAP:S26:T14,DEAP:S26,T14,1,9.0,2,1,1,4,exposed,stimulus_absolute_context,validation_unseen,0.46641941649487784,0.5335805835051222
DEAP:S26:T15,DEAP:S26,T15,1,7.01,2,1,1,4,exposed,stimulus_absolute_context,validation_unseen,0.4792443011203511,0.5207556988796489
DEAP:S26:T16,DEAP:S26,T16,1,6.19,2,1,1,4,exposed,stimulus_absolute_context,validation_unseen,0.43509497793767615,0.5649050220623238
DEAP:S26:T20,DEAP:S26,T20,1,8.08,2,1,1,4,exposed,stimulus_absolute_context,validation_unseen,0.47169263329936795,0.528307366700632
DEAP:S26:T21,DEAP:S26,T21,1,6.06,2,1,1,4,exposed,stimulus_absolute_context,validation_unseen,0.47187277083168044,0.5281272291683196
DEAP:S26:T27,DEAP:S26,T27,1,6.0,2,1,1,4,exposed,stimulus_absolute_context,validation_unseen,0.48125591032355586,0.5187440896764441
DEAP:S26:T38,DEAP:S26,T38,0,1.15,2,1,1,4,exposed,stimulus_absolute_context,validation_unseen,0.4670638843023427,0.5329361156976573
DEAP:S10:T01,DEAP:S10,T01,1,7.91,2,1,1,4,exposed,stimulus_absolute_context,validation_familiar,0.17404457246499005,0.82595542753501
DEAP:S10:T03,DEAP:S10,T03,1,5.86,2,1,1,4,exposed,stimulus_absolute_context,validation_familiar,0.20993831482178438,0.7900616851782156
DEAP:S10:T05,DEAP:S10,T05,1,7.24,2,1,1,4,exposed,stimulus_absolute_context,validation_familiar,0.24250021792423326,0.7574997820757667
DEAP:S10:T06,DEAP:S10,T06,1,7.1,2,1,1,4,exposed,stimulus_absolute_context,validation_familiar,0.14083327265080325,0.8591667273491967
DEAP:S10:T07,DEAP:S10,T07,1,8.96,2,1,1,4,exposed,stimulus_absolute_context,validation_familiar,0.19597828330041878,0.8040217166995812
DEAP:S10:T09,DEAP:S10,T09,1,7.56,2,1,1,4,exposed,stimulus_absolute_context,validation_familiar,0.17474347147037117,0.8252565285296288
DEAP:S10:T10,DEAP:S10,T10,1,5.94,2,1,1,4,exposed,stimulus_absolute_context,validation_familiar,0.35705524452005877,0.6429447554799412
DEAP:S10:T12,DEAP:S10,T12,1,5.37,2,1,1,4,exposed,stimulus_absolute_context,validation_familiar,0.1827046211928799,0.8172953788071201
DEAP:S10:T17,DEAP:S10,T17,0,4.95,2,1,1,4,exposed,stimulus_absolute_context,validation_familiar,0.29578484392150795,0.704215156078492
DEAP:S10:T24,DEAP:S10,T24,1,6.82,2,1,1,4,exposed,stimulus_absolute_context,validation_familiar,0.47320035410159766,0.5267996458984023
DEAP:S10:T31,DEAP:S10,T31,0,4.15,2,1,1,4,exposed,stimulus_absolute_context,validation_familiar,0.5402083970666907,0.4597916029333094
DEAP:S10:T34,DEAP:S10,T34,0,3.91,2,1,1,4,exposed,stimulus_absolute_context,validation_familiar,0.6081004478385458,0.3918995521614542
DEAP:S10:T35,DEAP:S10,T35,0,1.38,2,1,1,4,exposed,stimulus_absolute_context,validation_familiar,0.6370138823109216,0.3629861176890784
DEAP:S10:T36,DEAP:S10,T36,0,2.17,2,1,1,4,exposed,stimulus_absolute_context,validation_familiar,0.4727204612572743,0.5272795387427257
DEAP:S10:T37,DEAP:S10,T37,0,2.92,2,1,1,4,exposed,stimulus_absolute_context,validation_familiar,0.6023141606048795,0.3976858393951205
DEAP:S10:T40,DEAP:S10,T40,1,5.78,2,1,1,4,exposed,stimulus_absolute_context,validation_familiar,0.3925814894537809,0.6074185105462191
DEAP:S12:T01,DEAP:S12,T01,1,7.09,2,1,1,4,exposed,stimulus_absolute_context,validation_familiar,0.20836924692872916,0.7916307530712708
DEAP:S12:T03,DEAP:S12,T03,1,7.33,2,1,1,4,exposed,stimulus_absolute_context,validation_familiar,0.20646449652002785,0.7935355034799721
DEAP:S12:T05,DEAP:S12,T05,0,4.01,2,1,1,4,exposed,stimulus_absolute_context,validation_familiar,0.2874836423275763,0.7125163576724237
DEAP:S12:T06,DEAP:S12,T06,1,6.65,2,1,1,4,exposed,stimulus_absolute_context,validation_familiar,0.16412783379649387,0.8358721662035061
DEAP:S12:T07,DEAP:S12,T07,1,6.77,2,1,1,4,exposed,stimulus_absolute_context,validation_familiar,0.27997848478281784,0.7200215152171822
DEAP:S12:T09,DEAP:S12,T09,1,7.95,2,1,1,4,exposed,stimulus_absolute_context,validation_familiar,0.19170280293478503,0.808297197065215
DEAP:S12:T10,DEAP:S12,T10,0,4.06,2,1,1,4,exposed,stimulus_absolute_context,validation_familiar,0.3728517444949502,0.6271482555050498
DEAP:S12:T12,DEAP:S12,T12,1,6.86,2,1,1,4,exposed,stimulus_absolute_context,validation_familiar,0.22327954779597625,0.7767204522040237
DEAP:S12:T17,DEAP:S12,T17,0,4.86,2,1,1,4,exposed,stimulus_absolute_context,validation_familiar,0.27401092366633106,0.7259890763336689
DEAP:S12:T24,DEAP:S12,T24,0,2.79,2,1,1,4,exposed,stimulus_absolute_context,validation_familiar,0.5745937349795796,0.4254062650204204
DEAP:S12:T31,DEAP:S12,T31,0,3.18,2,1,1,4,exposed,stimulus_absolute_context,validation_familiar,0.4998776395437069,0.5001223604562931
DEAP:S12:T34,DEAP:S12,T34,0,4.87,2,1,1,4,exposed,stimulus_absolute_context,validation_familiar,0.6257384533003854,0.3742615466996146
DEAP:S12:T35,DEAP:S12,T35,0,1.22,2,1,1,4,exposed,stimulus_absolute_context,validation_familiar,0.6483299412182145,0.3516700587817855
DEAP:S12:T36,DEAP:S12,T36,0,2.82,2,1,1,4,exposed,stimulus_absolute_context,validation_familiar,0.4813892903996846,0.5186107096003154
DEAP:S12:T37,DEAP:S12,T37,0,1.0,2,1,1,4,exposed,stimulus_absolute_context,validation_familiar,0.6199716303928247,0.3800283696071754
DEAP:S12:T40,DEAP:S12,T40,1,6.81,2,1,1,4,exposed,stimulus_absolute_context,validation_familiar,0.4129194650234531,0.5870805349765469
DEAP:S22:T01,DEAP:S22,T01,1,5.05,2,1,1,4,exposed,stimulus_absolute_context,validation_familiar,0.251355910570473,0.748644089429527
DEAP:S22:T03,DEAP:S22,T03,1,7.05,2,1,1,4,exposed,stimulus_absolute_context,validation_familiar,0.20217253186129835,0.7978274681387016
DEAP:S22:T05,DEAP:S22,T05,1,7.1,2,1,1,4,exposed,stimulus_absolute_context,validation_familiar,0.26467320145053475,0.7353267985494653
DEAP:S22:T06,DEAP:S22,T06,0,4.97,2,1,1,4,exposed,stimulus_absolute_context,validation_familiar,0.15872952985218935,0.8412704701478106
DEAP:S22:T07,DEAP:S22,T07,1,6.03,2,1,1,4,exposed,stimulus_absolute_context,validation_familiar,0.28567540267708325,0.7143245973229168
DEAP:S22:T09,DEAP:S22,T09,1,9.0,2,1,1,4,exposed,stimulus_absolute_context,validation_familiar,0.20263553281538127,0.7973644671846187
DEAP:S22:T10,DEAP:S22,T10,0,4.0,2,1,1,4,exposed,stimulus_absolute_context,validation_familiar,0.3632567331780767,0.6367432668219233
DEAP:S22:T12,DEAP:S22,T12,0,4.99,2,1,1,4,exposed,stimulus_absolute_context,validation_familiar,0.2023604189427468,0.7976395810572532
DEAP:S22:T17,DEAP:S22,T17,1,5.04,2,1,1,4,exposed,stimulus_absolute_context,validation_familiar,0.29817193519101504,0.701828064808985
DEAP:S22:T24,DEAP:S22,T24,0,1.96,2,1,1,4,exposed,stimulus_absolute_context,validation_familiar,0.5792088718888149,0.42079112811118513
DEAP:S22:T31,DEAP:S22,T31,0,2.01,2,1,1,4,exposed,stimulus_absolute_context,validation_familiar,0.5173208896273944,0.4826791103726056
DEAP:S22:T34,DEAP:S22,T34,1,5.04,2,1,1,4,exposed,stimulus_absolute_context,validation_familiar,0.6527078727639504,0.34729212723604963
DEAP:S22:T35,DEAP:S22,T35,0,1.99,2,1,1,4,exposed,stimulus_absolute_context,validation_familiar,0.6318586639701983,0.3681413360298017
DEAP:S22:T36,DEAP:S22,T36,0,1.96,2,1,1,4,exposed,stimulus_absolute_context,validation_familiar,0.5131760201496611,0.4868239798503388
DEAP:S22:T37,DEAP:S22,T37,0,1.0,2,1,1,4,exposed,stimulus_absolute_context,validation_familiar,0.609948116656876,0.390051883343124
DEAP:S22:T40,DEAP:S22,T40,0,2.97,2,1,1,4,exposed,stimulus_absolute_context,validation_familiar,0.4309498934598218,0.5690501065401782
DEAP:S26:T01,DEAP:S26,T01,1,7.97,2,1,1,4,exposed,stimulus_absolute_context,validation_familiar,0.2532099684131742,0.7467900315868258
DEAP:S26:T03,DEAP:S26,T03,1,9.0,2,1,1,4,exposed,stimulus_absolute_context,validation_familiar,0.27966189231353267,0.7203381076864673
DEAP:S26:T05,DEAP:S26,T05,0,4.0,2,1,1,4,exposed,stimulus_absolute_context,validation_familiar,0.35531737980165323,0.6446826201983468
DEAP:S26:T06,DEAP:S26,T06,1,8.09,2,1,1,4,exposed,stimulus_absolute_context,validation_familiar,0.22128009447313612,0.7787199055268639
DEAP:S26:T07,DEAP:S26,T07,1,6.08,2,1,1,4,exposed,stimulus_absolute_context,validation_familiar,0.36527025533250546,0.6347297446674945
DEAP:S26:T09,DEAP:S26,T09,1,8.05,2,1,1,4,exposed,stimulus_absolute_context,validation_familiar,0.2626920717533955,0.7373079282466045
DEAP:S26:T10,DEAP:S26,T10,0,3.08,2,1,1,4,exposed,stimulus_absolute_context,validation_familiar,0.4714781555940629,0.5285218444059371
DEAP:S26:T12,DEAP:S26,T12,1,7.04,2,1,1,4,exposed,stimulus_absolute_context,validation_familiar,0.27854175825474614,0.7214582417452539
DEAP:S26:T17,DEAP:S26,T17,1,5.04,2,1,1,4,exposed,stimulus_absolute_context,validation_familiar,0.38886910267003605,0.611130897329964
DEAP:S26:T24,DEAP:S26,T24,1,9.0,2,1,1,4,exposed,stimulus_absolute_context,validation_familiar,0.6919804025421229,0.3080195974578771
DEAP:S26:T31,DEAP:S26,T31,0,1.97,2,1,1,4,exposed,stimulus_absolute_context,validation_familiar,0.5959928677207249,0.40400713227927515
DEAP:S26:T34,DEAP:S26,T34,0,1.0,2,1,1,4,exposed,stimulus_absolute_context,validation_familiar,0.7060335696997102,0.29396643030028985
DEAP:S26:T35,DEAP:S26,T35,0,2.97,2,1,1,4,exposed,stimulus_absolute_context,validation_familiar,0.7246691421307936,0.2753308578692064
DEAP:S26:T36,DEAP:S26,T36,0,2.92,2,1,1,4,exposed,stimulus_absolute_context,validation_familiar,0.5800182415250368,0.41998175847496316
DEAP:S26:T37,DEAP:S26,T37,0,1.0,2,1,1,4,exposed,stimulus_absolute_context,validation_familiar,0.6862835867856578,0.3137164132143421
DEAP:S26:T40,DEAP:S26,T40,0,3.06,2,1,1,4,exposed,stimulus_absolute_context,validation_familiar,0.48617524786711197,0.513824752132888
DEAP:S09:T01,DEAP:S09,T01,1,5.05,2,1,1,4,exposed,stimulus_absolute_context,test,0.3901760678406111,0.6098239321593889
DEAP:S09:T03,DEAP:S09,T03,1,7.08,2,1,1,4,exposed,stimulus_absolute_context,test,0.39632993128142946,0.6036700687185705
DEAP:S09:T05,DEAP:S09,T05,0,4.99,2,1,1,4,exposed,stimulus_absolute_context,test,0.48743430658198506,0.512565693418015
DEAP:S09:T10,DEAP:S09,T10,0,3.94,2,1,1,4,exposed,stimulus_absolute_context,test,0.6115501399435206,0.38844986005647947
DEAP:S09:T12,DEAP:S09,T12,1,7.08,2,1,1,4,exposed,stimulus_absolute_context,test,0.38197115132498616,0.6180288486750138
DEAP:S09:T24,DEAP:S09,T24,0,4.03,2,1,1,4,exposed,stimulus_absolute_context,test,0.7881236493058147,0.2118763506941853
DEAP:S09:T31,DEAP:S09,T31,1,6.06,2,1,1,4,exposed,stimulus_absolute_context,test,0.7302170636444221,0.269782936355578
DEAP:S09:T34,DEAP:S09,T34,1,5.06,2,1,1,4,exposed,stimulus_absolute_context,test,0.8054450699818825,0.19455493001811752
DEAP:S13:T01,DEAP:S13,T01,1,6.15,2,1,1,4,exposed,stimulus_absolute_context,test,0.25749346545516405,0.742506534544836
DEAP:S13:T03,DEAP:S13,T03,1,9.0,2,1,1,4,exposed,stimulus_absolute_context,test,0.24265378727617815,0.7573462127238219
DEAP:S13:T05,DEAP:S13,T05,1,5.01,2,1,1,4,exposed,stimulus_absolute_context,test,0.3043996015049182,0.6956003984950818
DEAP:S13:T10,DEAP:S13,T10,0,4.01,2,1,1,4,exposed,stimulus_absolute_context,test,0.464513617580257,0.535486382419743
DEAP:S13:T12,DEAP:S13,T12,1,5.08,2,1,1,4,exposed,stimulus_absolute_context,test,0.24834152333611403,0.751658476663886
DEAP:S13:T24,DEAP:S13,T24,0,2.97,2,1,1,4,exposed,stimulus_absolute_context,test,0.6588850426094994,0.34111495739050063
DEAP:S13:T31,DEAP:S13,T31,0,1.97,2,1,1,4,exposed,stimulus_absolute_context,test,0.6148305763506056,0.38516942364939444
DEAP:S13:T34,DEAP:S13,T34,0,2.92,2,1,1,4,exposed,stimulus_absolute_context,test,0.6773142846580904,0.32268571534190965
DEAP:S18:T01,DEAP:S18,T01,1,6.33,2,1,1,4,exposed,stimulus_absolute_context,test,0.2739459254554373,0.7260540745445627
DEAP:S18:T03,DEAP:S18,T03,1,6.36,2,1,1,4,exposed,stimulus_absolute_context,test,0.26864365488043107,0.7313563451195689
DEAP:S18:T05,DEAP:S18,T05,1,6.13,2,1,1,4,exposed,stimulus_absolute_context,test,0.333075742193369,0.666924257806631
DEAP:S18:T10,DEAP:S18,T10,1,6.09,2,1,1,4,exposed,stimulus_absolute_context,test,0.44373581005564033,0.5562641899443597
DEAP:S18:T12,DEAP:S18,T12,1,5.55,2,1,1,4,exposed,stimulus_absolute_context,test,0.24704998413906698,0.752950015860933
DEAP:S18:T24,DEAP:S18,T24,0,3.22,2,1,1,4,exposed,stimulus_absolute_context,test,0.6913119543515478,0.30868804564845226
DEAP:S18:T31,DEAP:S18,T31,0,4.44,2,1,1,4,exposed,stimulus_absolute_context,test,0.6028337451046453,0.39716625489535473
DEAP:S18:T34,DEAP:S18,T34,0,4.15,2,1,1,4,exposed,stimulus_absolute_context,test,0.7006240669774305,0.2993759330225695
DEAP:S31:T01,DEAP:S31,T01,1,6.79,2,1,1,4,exposed,stimulus_absolute_context,test,0.26266608945411296,0.737333910545887
DEAP:S31:T03,DEAP:S31,T03,1,8.04,2,1,1,4,exposed,stimulus_absolute_context,test,0.2747353589477233,0.7252646410522767
DEAP:S31:T05,DEAP:S31,T05,1,6.22,2,1,1,4,exposed,stimulus_absolute_context,test,0.35765037388793597,0.642349626112064
DEAP:S31:T10,DEAP:S31,T10,0,4.01,2,1,1,4,exposed,stimulus_absolute_context,test,0.47304131206061173,0.5269586879393883
DEAP:S31:T12,DEAP:S31,T12,1,7.14,2,1,1,4,exposed,stimulus_absolute_context,test,0.27344044536286394,0.7265595546371361
DEAP:S31:T34,DEAP:S31,T34,0,1.95,2,1,1,4,exposed,stimulus_absolute_context,test,0.7013903567165709,0.2986096432834291
